urgency_level	triage_case_count	avg_wait_minutes	hospitalization_percentage	referral_department	referral_count
1	14	16.5000	100.00	螤伪胃慰位慰纬喂魏萎	14
1	13	15.6154	100.00	螣纬魏慰位慰纬委伪	13
1	13	14.6154	0.00	围蠅蟻委蟼 蟺伪蟻伪蟺慰渭蟺萎	0
2	14	23.5000	100.00	螝伪蟻未喂慰位慰纬委伪	14
2	13	24.6154	100.00	螤谓蔚蠀渭慰谓慰位慰纬委伪	13
2	13	22.3846	0.00	围蠅蟻委蟼 蟺伪蟻伪蟺慰渭蟺萎	0
3	13	31.3846	100.00	螡蔚蠀蟻慰位慰纬委伪	13
3	13	32.6154	100.00	围蔚喂蟻慰蠀蟻纬喂魏萎	13
3	1	31.0000	100.00	螝伪蟻未喂慰位慰纬委伪	1
3	13	30.3846	0.00	围蠅蟻委蟼 蟺伪蟻伪蟺慰渭蟺萎	0
4	13	39.3846	100.00	螕伪蟽蟿蟻蔚谓蟿蔚蟻慰位慰纬委伪	13
4	13	40.3846	100.00	螤伪喂未喂伪蟿蟻喂魏萎	13
4	14	38.5000	0.00	围蠅蟻委蟼 蟺伪蟻伪蟺慰渭蟺萎	0
5	13	47.3846	100.00	螘蟺蔚委纬慰谓蟿伪	13
5	13	48.3846	100.00	惟巍螞	13
5	1	49.0000	100.00	螝伪蟻未喂慰位慰纬委伪	1
5	13	46.6154	0.00	围蠅蟻委蟼 蟺伪蟻伪蟺慰渭蟺萎	0
